>> [c, d, f, g] = wfilters('rbio1.1')

c =

    0.7071    0.7071


d =

   -0.7071    0.7071


f =

    0.7071    0.7071


g =

    0.7071   -0.7071

>> [c, d, f, g] = wfilters('rbio1.3')

c =

         0         0    0.7071    0.7071         0         0


d =

    0.0884    0.0884   -0.7071    0.7071   -0.0884   -0.0884


f =

   -0.0884    0.0884    0.7071    0.7071    0.0884   -0.0884


g =

         0         0    0.7071   -0.7071         0         0

>> [c, d, f, g] = wfilters('rbio1.5')

c =

         0         0         0         0    0.7071    0.7071         0         0         0         0


d =

   -0.0166   -0.0166    0.1215    0.1215   -0.7071    0.7071   -0.1215   -0.1215    0.0166    0.0166


f =

    0.0166   -0.0166   -0.1215    0.1215    0.7071    0.7071    0.1215   -0.1215   -0.0166    0.0166


g =

         0         0         0         0    0.7071   -0.7071         0         0         0         0

>> [c, d, f, g] = wfilters('rbio2.2')

c =

         0         0    0.3536    0.7071    0.3536         0


d =

    0.1768    0.3536   -1.0607    0.3536    0.1768         0


f =

   -0.1768    0.3536    1.0607    0.3536   -0.1768         0


g =

         0         0    0.3536   -0.7071    0.3536         0

>> [c, d, f, g] = wfilters('rbio2.4')

c =

         0         0         0         0    0.3536    0.7071    0.3536         0         0         0


d =

   -0.0331   -0.0663    0.1768    0.4198   -0.9944    0.4198    0.1768   -0.0663   -0.0331         0


f =

    0.0331   -0.0663   -0.1768    0.4198    0.9944    0.4198   -0.1768   -0.0663    0.0331         0


g =

         0         0         0         0    0.3536   -0.7071    0.3536         0         0         0

>> [c, d, f, g] = wfilters('rbio2.6')

c =

  Columns 1 through 12

         0         0         0         0         0         0    0.3536    0.7071    0.3536         0         0         0

  Columns 13 through 14

         0         0


d =

  Columns 1 through 12

    0.0069    0.0138   -0.0470   -0.1077    0.1699    0.4475   -0.9667    0.4475    0.1699   -0.1077   -0.0470    0.0138

  Columns 13 through 14

    0.0069         0


f =

  Columns 1 through 12

   -0.0069    0.0138    0.0470   -0.1077   -0.1699    0.4475    0.9667    0.4475   -0.1699   -0.1077    0.0470    0.0138

  Columns 13 through 14

   -0.0069         0


g =

  Columns 1 through 12

         0         0         0         0         0         0    0.3536   -0.7071    0.3536         0         0         0

  Columns 13 through 14

         0         0

>> [c, d, f, g] = wfilters('rbio2.8')

c =

  Columns 1 through 12

         0         0         0         0         0         0         0         0    0.3536    0.7071    0.3536         0

  Columns 13 through 18

         0         0         0         0         0         0


d =

  Columns 1 through 12

   -0.0015   -0.0030    0.0129    0.0289   -0.0530   -0.1349    0.1638    0.4626   -0.9516    0.4626    0.1638   -0.1349

  Columns 13 through 18

   -0.0530    0.0289    0.0129   -0.0030   -0.0015         0


f =

  Columns 1 through 12

    0.0015   -0.0030   -0.0129    0.0289    0.0530   -0.1349   -0.1638    0.4626    0.9516    0.4626   -0.1638   -0.1349

  Columns 13 through 18

    0.0530    0.0289   -0.0129   -0.0030    0.0015         0


g =

  Columns 1 through 12

         0         0         0         0         0         0         0         0    0.3536   -0.7071    0.3536         0

  Columns 13 through 18

         0         0         0         0         0         0

>> [c, d, f, g] = wfilters('rbio3.1')

c =

    0.1768    0.5303    0.5303    0.1768


d =

    0.3536    1.0607   -1.0607   -0.3536


f =

   -0.3536    1.0607    1.0607   -0.3536


g =

    0.1768   -0.5303    0.5303   -0.1768

>> [c, d, f, g] = wfilters('rbio3.3')

c =

         0         0    0.1768    0.5303    0.5303    0.1768         0         0


d =

   -0.0663   -0.1989    0.1547    0.9944   -0.9944   -0.1547    0.1989    0.0663


f =

    0.0663   -0.1989   -0.1547    0.9944    0.9944   -0.1547   -0.1989    0.0663


g =

         0         0    0.1768   -0.5303    0.5303   -0.1768         0         0

>> [c, d, f, g] = wfilters('rbio3.5')

c =

         0         0         0         0    0.1768    0.5303    0.5303    0.1768         0         0         0         0


d =

    0.0138    0.0414   -0.0525   -0.2679    0.0718    0.9667   -0.9667   -0.0718    0.2679    0.0525   -0.0414   -0.0138


f =

   -0.0138    0.0414    0.0525   -0.2679   -0.0718    0.9667    0.9667   -0.0718   -0.2679    0.0525    0.0414   -0.0138


g =

         0         0         0         0    0.1768   -0.5303    0.5303   -0.1768         0         0         0         0

>> [c, d, f, g] = wfilters('rbio3.7')

c =

  Columns 1 through 12

         0         0         0         0         0         0    0.1768    0.5303    0.5303    0.1768         0         0

  Columns 13 through 16

         0         0         0         0


d =

  Columns 1 through 12

   -0.0030   -0.0091    0.0168    0.0747   -0.0313   -0.3012    0.0265    0.9516   -0.9516   -0.0265    0.3012    0.0313

  Columns 13 through 16

   -0.0747   -0.0168    0.0091    0.0030


f =

  Columns 1 through 12

    0.0030   -0.0091   -0.0168    0.0747    0.0313   -0.3012   -0.0265    0.9516    0.9516   -0.0265   -0.3012    0.0313

  Columns 13 through 16

    0.0747   -0.0168   -0.0091    0.0030


g =

  Columns 1 through 12

         0         0         0         0         0         0    0.1768   -0.5303    0.5303   -0.1768         0         0

  Columns 13 through 16

         0         0         0         0

>> [c, d, f, g] = wfilters('rbio3.9')

c =

  Columns 1 through 12

         0         0         0         0         0         0         0         0    0.1768    0.5303    0.5303    0.1768

  Columns 13 through 20

         0         0         0         0         0         0         0         0


d =

  Columns 1 through 12

    0.0007    0.0020   -0.0051   -0.0206    0.0141    0.0991   -0.0123   -0.3202   -0.0021    0.9421   -0.9421    0.0021

  Columns 13 through 20

    0.3202    0.0123   -0.0991   -0.0141    0.0206    0.0051   -0.0020   -0.0007


f =

  Columns 1 through 12

   -0.0007    0.0020    0.0051   -0.0206   -0.0141    0.0991    0.0123   -0.3202    0.0021    0.9421    0.9421    0.0021

  Columns 13 through 20

   -0.3202    0.0123    0.0991   -0.0141   -0.0206    0.0051    0.0020   -0.0007


g =

  Columns 1 through 12

         0         0         0         0         0         0         0         0    0.1768   -0.5303    0.5303   -0.1768

  Columns 13 through 20

         0         0         0         0         0         0         0         0

>> [c, d, f, g] = wfilters('rbio4.4')

c =

         0         0   -0.0645   -0.0407    0.4181    0.7885    0.4181   -0.0407   -0.0645         0


d =

   -0.0378   -0.0238    0.1106    0.3774   -0.8527    0.3774    0.1106   -0.0238   -0.0378         0


f =

    0.0378   -0.0238   -0.1106    0.3774    0.8527    0.3774   -0.1106   -0.0238    0.0378         0


g =

         0         0   -0.0645    0.0407    0.4181   -0.7885    0.4181    0.0407   -0.0645         0

>> [c, d, f, g] = wfilters('rbio5.5')

c =

         0    0.0135   -0.0027   -0.1367   -0.0935    0.4768    0.8995    0.4768   -0.0935   -0.1367   -0.0027    0.0135


d =

         0    0.0397   -0.0079   -0.0545   -0.3456    0.7367   -0.3456   -0.0545   -0.0079    0.0397         0         0


f =

         0    0.0397    0.0079   -0.0545    0.3456    0.7367    0.3456   -0.0545    0.0079    0.0397         0         0


g =

         0   -0.0135   -0.0027    0.1367   -0.0935   -0.4768    0.8995   -0.4768   -0.0935    0.1367   -0.0027   -0.0135

>> [c, d, f, g] = wfilters('rbio6.8')

c =

  Columns 1 through 12

         0         0         0         0    0.0144    0.0145   -0.0787   -0.0404    0.4178    0.7589    0.4178   -0.0404

  Columns 13 through 18

   -0.0787    0.0145    0.0144         0         0         0


d =

